1.000000000 0.000000000 0.000000000 0.000000015 0.000000000 1.000000000 0.000000000 -0.000000015 0.000000000 0.000000000 1.000000000 -0.000000007
0.986128747 0.002363665 0.165965274 -0.107114226 0.001259514 0.999763250 -0.021722307 0.013505569 -0.165977314 0.021630028 0.985892296 -0.007008374
0.881964326 0.024847018 0.470661104 -0.312936604 0.008013104 0.997674584 -0.067684591 0.042914845 -0.471248537 0.063466862 0.879714131 0.032763563
0.791910410 0.052313544 0.608392358 -0.410990596 0.005465643 0.995676398 -0.092729062 0.059729792 -0.610612869 0.076758347 0.788200498 0.079168692
0.677915573 0.077309430 0.731063485 -0.501961350 0.014607783 0.992842019 -0.118538126 0.077954352 -0.734994650 0.091038026 0.671933651 0.142862231
0.377893746 0.151587471 0.913355172 -0.645519435 0.054784618 0.981115997 -0.185500294 0.125546724 -0.924226642 0.120137215 0.362452865 0.328889251
0.132283211 0.215624630 0.967474699 -0.701390445 0.100399137 0.968117714 -0.229495600 0.157523856 -0.986114085 0.127492025 0.106417179 0.486866474
0.074944794 0.234509170 0.969220757 -0.710149944 0.132460088 0.960999846 -0.242762566 0.169525862 -0.988350928 0.146576822 0.040958822 0.538687289
-0.202493295 0.283928484 0.937219799 -0.713441253 0.197847143 0.949172258 -0.244803086 0.180298656 -0.959089696 0.135855243 -0.248375431 0.737592816
-0.349615633 0.327737868 0.877699673 -0.686215043 0.254809380 0.934768319 -0.247548938 0.186311230 -0.901577055 0.137099117 -0.410320282 0.851235151
-0.473424107 0.352674276 0.807149470 -0.649414599 0.308707654 0.924658358 -0.222949535 0.174968302 -0.824966133 0.143623546 -0.546628833 0.951712012
-0.709487379 0.410345793 0.572925746 -0.509584665 0.392126262 0.905379355 -0.162865549 0.139849991 -0.585546196 0.109108143 -0.803262711 1.144251943
-0.787454367 0.428545684 0.443017244 -0.426404059 0.423366725 0.898429453 -0.116555385 0.110486269 -0.447969049 0.095776677 -0.888904154 1.215699553
-0.844662428 0.439055473 0.306228220 -0.335254818 0.441429585 0.894903183 -0.065484300 0.076477438 -0.302795827 0.079866037 -0.949703217 1.269399405
-0.892916501 0.448812932 -0.035598282 -0.103381246 0.447769135 0.893513739 0.033708498 0.005944904 0.046936397 0.014159075 -0.998797476 1.328081727
-0.877600551 0.441328228 -0.187207922 0.005384356 0.432093471 0.897343397 0.089833550 -0.034877859 0.207635909 -0.002053361 -0.978204072 1.328180432
-0.838791788 0.425071299 -0.340209752 0.116905034 0.404696465 0.904774964 0.132676288 -0.067675859 0.364210159 -0.026393898 -0.930942655 1.305519700
-0.660026968 0.382028520 -0.646852911 0.343926221 0.295737028 0.923649788 0.243743405 -0.149924994 0.690582395 -0.030421106 -0.722613633 1.182017207
-0.554429829 0.354640573 -0.752886295 0.430221200 0.239886180 0.934364915 0.263471007 -0.168366462 0.796907902 -0.034530804 -0.603113055 1.104742646
-0.414646268 0.309282660 -0.855811179 0.514043450 0.187701106 0.949314535 0.252131522 -0.165534809 0.890413880 -0.056091260 -0.451682389 1.003727555
-0.323389024 0.292247295 -0.900006175 0.567075312 0.311699748 0.930931389 0.190289661 -0.133910030 0.893455505 -0.218994036 -0.392146498 0.956910610
-0.323389024 0.292247295 -0.900006175 0.567075312 0.311699748 0.930931389 0.190289661 -0.133910030 0.893455505 -0.218994036 -0.392146498 0.956910610
-0.323389024 0.292247295 -0.900006175 0.567075312 0.311699748 0.930931389 0.190289661 -0.133910030 0.893455505 -0.218994036 -0.392146498 0.956910610
-0.323389024 0.292247295 -0.900006175 0.567075312 0.311699748 0.930931389 0.190289661 -0.133910030 0.893455505 -0.218994036 -0.392146498 0.956910610
-0.323389024 0.292247295 -0.900006175 0.567075312 0.311699748 0.930931389 0.190289661 -0.133910030 0.893455505 -0.218994036 -0.392146498 0.956910610
-0.323389024 0.292247295 -0.900006175 0.567075312 0.311699748 0.930931389 0.190289661 -0.133910030 0.893455505 -0.218994036 -0.392146498 0.956910610
-0.323389024 0.292247295 -0.900006175 0.567075312 0.311699748 0.930931389 0.190289661 -0.133910030 0.893455505 -0.218994036 -0.392146498 0.956910610
0.984855056 -0.031947721 -0.170410693 0.113033153 0.010350376 0.991957426 -0.126149133 0.100242294 0.173070312 0.122474805 0.977264822 -0.097958952
0.999003530 -0.035502262 -0.027047535 0.004497232 0.030980954 0.987841785 -0.152344242 0.120138504 0.032127250 0.151354462 0.987957299 -0.115549214
0.954035521 -0.018724650 0.299108386 -0.243963659 0.073234200 0.982355118 -0.172090709 0.137394398 -0.290608287 0.186085641 0.938572884 -0.100807846
0.892580390 0.010460295 0.450766981 -0.363272965 0.081536524 0.979504108 -0.184183434 0.146719083 -0.443454623 0.201152489 0.873433232 -0.062195316
0.810324788 0.041428052 0.584514678 -0.472275555 0.088580415 0.977374673 -0.192073256 0.153372854 -0.579246998 0.207418278 0.788321376 -0.008156657
0.520318091 0.172840819 0.836298466 -0.631620526 0.132594660 0.951075912 -0.279058337 0.202053726 -0.843615949 0.256087810 0.471944004 0.237090349
0.398767471 0.161110312 0.902788937 -0.740179360 0.114836745 0.967925072 -0.223458499 0.178989768 -0.909833491 0.192781314 0.367475629 0.289571524
0.236608312 0.185536385 0.953725755 -0.792073727 0.128599167 0.966981947 -0.220019206 0.179304659 -0.963056922 0.174706727 0.204936132 0.409055650
0.137507081 0.227913201 0.963922858 -0.810931206 0.131060123 0.960424125 -0.245782122 0.199039042 -0.981791675 0.160128638 0.102194786 0.491376668
-0.196009338 0.302788168 0.932684064 -0.808919251 0.163839504 0.947876573 -0.273288459 0.222727671 -0.966817915 0.099243388 -0.235401362 0.753750145
-0.348257959 0.337441355 0.874556839 -0.777933478 0.197530285 0.938429892 -0.283427596 0.233793467 -0.916350365 0.074045502 -0.393470585 0.880059958
-0.497844189 0.374882907 0.782057524 -0.719728947 0.237954065 0.926188111 -0.292495161 0.243497550 -0.833983779 0.040476765 -0.550302267 1.006530881
-0.721094489 0.419739127 0.551218331 -0.557009220 0.324600667 0.907548726 -0.266438752 0.230239525 -0.612092257 -0.013201660 -0.790676177 1.209921002
-0.794402003 0.435549557 0.423346221 -0.463134676 0.365978181 0.899496853 -0.238673940 0.212709546 -0.484752893 -0.034667600 -0.873963773 1.286918163
-0.850857854 0.442893833 0.282641083 -0.355417669 0.392250717 0.893384993 -0.219094813 0.197365671 -0.349542916 -0.075552411 -0.933869123 1.343199849
-0.897870660 0.433936089 -0.074349225 -0.082393631 0.439901590 0.891062617 -0.111778207 0.117202207 0.017745247 -0.133068755 -0.990947902 1.416566849
-0.875383258 0.422989011 -0.234060869 0.046649754 0.445171505 0.894095778 -0.049145348 0.068448335 0.188484907 -0.147218272 -0.970978916 1.417659283
-0.825258970 0.397276163 -0.401396781 0.183712274 0.431727737 0.901989579 0.005111575 0.023328342 0.364086390 -0.169075757 -0.915889919 1.387460113
-0.637299180 0.347790390 -0.687671125 0.424278766 0.369127244 0.921101868 0.123759411 -0.075162292 0.676457405 -0.174966365 -0.715396404 1.252894163
-0.511943340 0.315140575 -0.799124837 0.524125636 0.306461662 0.936064243 0.172815010 -0.118544601 0.802493155 -0.156429619 -0.575790286 1.151391983
-0.376441240 0.267443419 -0.886998236 0.603898644 0.243258148 0.952365994 0.183914214 -0.133441955 0.893933773 -0.146536648 -0.423567593 1.034332275
-0.120819777 0.206783533 -0.970898092 0.693413854 0.119353123 0.973993897 0.192590356 -0.148796439 0.985473216 -0.092610985 -0.142357945 0.810776353
0.074052215 0.193421274 -0.978317082 0.716634870 0.037594546 0.979771912 0.196554542 -0.156233191 0.996545494 -0.051334694 0.065282762 0.645996332
0.189908147 0.128060222 -0.973414242 0.726434886 0.003210820 0.991370738 0.131048888 -0.108964682 0.981796682 -0.028012713 0.187858209 0.542170703
0.483028173 0.087027930 -0.871269107 0.666079402 -0.087834090 0.994845271 0.050676633 -0.047395580 0.871188223 0.052048910 0.488182247 0.287924945
0.593890488 0.053364616 -0.802774131 0.620613098 -0.103548020 0.994569182 -0.010490362 0.001471576 0.797854543 0.089355797 0.596190929 0.188285649
0.733773470 0.019719629 -0.679107964 0.529139698 -0.112675756 0.989268064 -0.093019724 0.066334739 0.669985712 0.144774392 0.728120506 0.071348429
0.923441291 -0.000307204 -0.383739740 0.300494760 -0.089804009 0.972057700 -0.216884896 0.168644607 0.373083651 0.234741867 0.897610605 -0.091548108
0.973834276 0.007100357 -0.227148026 0.173909158 -0.065492317 0.965875924 -0.250588059 0.198830485 0.217617586 0.258907735 0.941068172 -0.140732616
0.996824443 0.016461110 -0.077911228 0.050066393 -0.038840108 0.954633653 -0.295238972 0.237027794 0.069516689 0.297327518 0.952241421 -0.162133738
0.953816712 0.047352523 0.296633869 -0.260848373 0.062347110 0.934785903 -0.349697590 0.285751700 -0.293848276 0.352041572 0.888661981 -0.134358823
0.906264126 0.075460568 0.415921688 -0.368990719 0.086574525 0.929945827 -0.357359558 0.294481397 -0.413751185 0.359870404 0.836243451 -0.100997269
0.850158453 0.121227741 0.512380958 -0.460667133 0.104640126 0.914821804 -0.390066117 0.321189761 -0.516024113 0.385233670 0.765058219 -0.050223321
0.671408892 0.163089886 0.722918987 -0.635603070 0.154109418 0.923433721 -0.351454556 0.292298317 -0.724886537 0.347378284 0.594867945 0.080420583
0.374372303 0.240045488 0.895669281 -0.797827125 0.186445966 0.926699102 -0.326292366 0.273068488 -0.908341110 0.289148688 0.302174896 0.313854277
0.201920673 0.281542718 0.938062787 -0.846936345 0.211176813 0.922746599 -0.322402149 0.271535516 -0.956364155 0.263196707 0.126866296 0.454465747
0.102397375 0.309972107 0.945215344 -0.862467349 0.177697793 0.929226041 -0.323979080 0.270960808 -0.978743136 0.201137275 0.040068921 0.534116328
-0.229276150 0.355228931 0.906225622 -0.849678874 0.197013959 0.928692341 -0.314190894 0.265462935 -0.953214526 0.106502630 -0.282912135 0.806656480
-0.393314242 0.366366088 0.843255579 -0.809068799 0.209873155 0.928737044 -0.305615216 0.261243224 -0.895129740 0.056773894 -0.442175925 0.945296407
-0.596491158 0.429886252 0.677787602 -0.684257507 0.252542108 0.902101994 -0.349906266 0.295391142 -0.761853456 -0.037546076 -0.646660328 1.118565321
-0.771290600 0.395120949 0.498989344 -0.546673059 0.262201160 0.911611497 -0.316567093 0.272160649 -0.579966724 -0.113329634 -0.806718647 1.271975875
-0.862415850 0.390759230 0.321785748 -0.406651348 0.293785870 0.904050231 -0.310456276 0.268067241 -0.412224144 -0.173206300 -0.894466758 1.353816748
-0.906135499 0.381779760 0.182105869 -0.292547882 0.320975810 0.901011407 -0.291810066 0.254341483 -0.275486588 -0.205967888 -0.938980520 1.400895596
-0.926591337 0.331959754 -0.176723406 0.000665188 0.366935700 0.900984347 -0.231485248 0.207999408 0.082381248 -0.279338360 -0.956652105 1.440315604
-0.890644431 0.303099841 -0.338943839 0.138021559 0.375492513 0.910664499 -0.172323778 0.161269039 0.256432772 -0.280750126 -0.924890101 1.426373124
-0.810653090 0.271165133 -0.518951952 0.290752053 0.383469343 0.915650070 -0.120566666 0.120159730 0.442484885 -0.296739936 -0.846257925 1.375429988
-0.609008968 0.207450509 -0.765553594 0.510411024 0.343792826 0.938851655 -0.019081222 0.033774063 0.714782774 -0.274812490 -0.643089116 1.226627231
-0.485392988 0.189237893 -0.853570521 0.594831765 0.301907837 0.952518880 0.039491378 -0.016349755 0.820515275 -0.238530785 -0.519478321 1.131035089
-0.337908119 0.161096394 -0.927289546 0.665852129 0.244979963 0.966336191 0.078608193 -0.052045241 0.908737004 -0.200605020 -0.365998209 1.008261681
-0.058363825 0.138938501 -0.988579690 0.736862421 0.119451083 0.984125137 0.131260321 -0.101127237 0.991123199 -0.110426053 -0.074033648 0.767335117
0.086568289 0.095536530 -0.991654456 0.751991928 0.045592383 0.993968487 0.099739559 -0.081382453 0.995202243 -0.053846158 0.081690446 0.636333525
0.249561846 0.108806908 -0.962226510 0.740953326 -0.029269900 0.994060993 0.104815230 -0.088384226 0.967916310 0.002006374 0.251264572 0.493895113
0.382856071 0.073833264 -0.920852780 0.717145026 -0.076908238 0.995888233 0.047874000 -0.045491409 0.920601070 0.052492317 0.386960179 0.376133561
0.641521037 0.083850138 -0.762508929 0.603997469 -0.179737911 0.982767820 -0.043147668 0.025210053 0.745751202 0.164731905 0.645537376 0.145265520
0.728610277 0.099439353 -0.677671790 0.533637166 -0.209574595 0.974317968 -0.082359418 0.058103375 0.652077913 0.202030674 0.730738044 0.068126827
0.805797040 0.136763811 -0.576182842 0.453558266 -0.231375322 0.968338490 -0.093734026 0.072371751 0.545120597 0.208845109 0.811928093 -0.009107649
0.967790127 0.132914484 -0.213813066 0.171788573 -0.201454088 0.918201983 -0.341059297 0.270510733 0.150991827 0.373147339 0.915402949 -0.127438381
0.979830265 0.151511624 -0.130295217 0.093950830 -0.188828960 0.915370166 -0.355585665 0.284775853 0.065392978 0.373017102 0.925517201 -0.134965315
0.979701400 0.183933273 0.079710379 -0.074405663 -0.142151564 0.917807102 -0.370706141 0.306847811 -0.141343936 0.351850361 0.925323308 -0.154177368
0.921623111 0.222226933 0.318160266 -0.283059508 -0.089176305 0.919149160 -0.383683026 0.326684386 -0.377701461 0.325238824 0.866926312 -0.119115740
0.886355281 0.250256747 0.389545590 -0.353831232 -0.096442915 0.922677517 -0.373316050 0.321885526 -0.452849895 0.293321759 0.841955662 -0.099936515
0.819015801 0.254051715 0.514461577 -0.464701355 -0.059253890 0.929288685 -0.364570498 0.319991291 -0.570703030 0.268105209 0.776155651 -0.051666647
0.640583456 0.257501334 0.723426402 -0.632963240 -0.019112257 0.947152972 -0.320212483 0.275092334 -0.767650545 0.191296563 0.611652017 0.107434481
0.570517063 0.269734889 0.775727570 -0.683418632 -0.027514579 0.950275600 -0.310192615 0.267311782 -0.820824683 0.155626431 0.549570143 0.164599478
0.473522365 0.254582077 0.843187094 -0.754650712 -0.025705688 0.960903466 -0.275687903 0.246226043 -0.880406618 0.108869649 0.461553395 0.231030017
0.315451264 0.248633593 0.915790260 -0.817118287 -0.034962662 0.967454910 -0.250617057 0.225443989 -0.948297501 0.047039025 0.313877583 0.368543983
0.200194120 0.233953297 0.951413870 -0.855924428 -0.040829271 0.972220480 -0.230478480 0.212403297 -0.978905201 0.007294896 0.204185009 0.464007348
-0.023158072 0.207888961 0.977878273 -0.883181453 -0.046473160 0.976859391 -0.208772898 0.196672842 -0.998651028 -0.050279889 -0.012961001 0.641875505
-0.219997451 0.189629182 0.956891775 -0.842609882 -0.061460722 0.976280689 -0.207601890 0.189922005 -0.973562300 -0.104483165 -0.203124613 0.805008292
-0.306613535 0.182824954 0.934110880 -0.825341225 -0.078168064 0.973228395 -0.216139048 0.198104203 -0.948618889 -0.139288813 -0.284114033 0.881830692
-0.675165951 0.085637845 0.732677937 -0.677511632 -0.065138489 0.982436955 -0.174855888 0.169501007 -0.734784126 -0.165782303 -0.657729745 1.173190236
-0.710577190 0.131449744 0.691231549 -0.560111046 -0.088013276 0.958073199 -0.272670865 0.212145507 -0.698092937 -0.254591256 -0.669215679 1.135214567
-0.856143713 0.158214077 0.491920978 -0.420928061 -0.019250538 0.941547751 -0.336329043 0.268261582 -0.516379058 -0.297415763 -0.803054452 1.259551406
-0.896743476 0.133519784 0.421928436 -0.357833505 -0.019906828 0.940266192 -0.339857370 0.271236569 -0.442102700 -0.313164115 -0.840519726 1.299253464
-0.954569817 0.116068877 0.274453014 -0.237676382 0.011038095 0.934163153 -0.356675416 0.285473287 -0.297782689 -0.337442160 -0.893005192 1.354356289
-0.478991926 0.095443785 -0.872615278 0.645480037 0.245722085 0.968909383 -0.028904546 0.049894422 0.842726171 -0.228265882 -0.487552404 1.096499681
-0.335358649 0.082533211 -0.938468337 0.708325207 0.206092760 0.978453815 0.012403170 0.013383050 0.919271648 -0.189251974 -0.345142424 0.981778741
-0.314414322 0.075105414 -0.946310103 0.710937142 0.179148063 0.983647406 0.018546231 0.002600297 0.932228267 -0.163698420 -0.322727799 0.947390556
-0.148707330 -0.020509792 -0.988668561 0.681490421 0.065447494 0.997388840 -0.030534754 0.024198299 0.986713111 -0.069246627 -0.146976650 0.778339386
0.265796989 0.039670888 -0.963212371 0.723074555 -0.020532453 0.999159276 0.035485439 -0.027268909 0.963810444 0.010345175 0.266388059 0.460707068
0.377712220 0.044552077 -0.924850464 0.700355649 -0.074437492 0.997069895 0.017630478 -0.015413718 0.922926068 0.062184311 0.379921824 0.360838622
0.561955035 0.068137288 -0.824356675 0.623669624 -0.150581792 0.988375425 -0.020955622 0.012210643 0.813346148 0.135909230 0.565682709 0.208999097
0.788623273 0.120002814 -0.603052855 0.456405312 -0.242646053 0.961910725 -0.125899881 0.093222238 0.564974546 0.245615989 0.787703276 0.014514536
0.872863173 0.165596277 -0.459007382 0.345705688 -0.272178739 0.945956349 -0.176310793 0.134812042 0.405004442 0.278827220 0.870762110 -0.062156320
0.929454386 0.216366038 -0.298831820 0.219315037 -0.293286920 0.924710155 -0.242681310 0.188163653 0.223824769 0.313204646 0.922932982 -0.111859992
0.955092251 0.233514220 -0.182400197 0.121600144 -0.280050784 0.912489653 -0.298218191 0.234770596 0.096800119 0.335907221 0.936907709 -0.129521579
0.940763533 0.268166453 0.207486719 -0.186684608 -0.116529077 0.830381393 -0.544874012 0.428751111 -0.318410069 0.488419354 0.812441707 -0.054576680
0.890993774 0.326467484 0.315514147 -0.279464900 -0.118669353 0.838242829 -0.532227874 0.425824553 -0.438232481 0.436769843 0.785610795 -0.039231867
0.803926229 0.363854200 0.470439255 -0.408767134 -0.053065009 0.831743658 -0.552617788 0.447616518 -0.592357218 0.419299990 0.687968373 0.028496653
0.590836525 0.426285744 0.684976399 -0.592894673 0.079358272 0.814188898 -0.575151026 0.472068071 -0.802878857 0.394178778 0.447223186 0.207105547
0.461441010 0.448727131 0.765320897 -0.667480469 0.134457827 0.817315519 -0.560282469 0.462618113 -0.876922607 0.361440718 0.316807926 0.307766974
0.347036451 0.460886836 0.816791892 -0.717181921 0.172701985 0.824619532 -0.538680673 0.445478171 -0.921813309 0.328003407 0.206576914 0.398497373
0.171203315 0.501034856 0.848323941 -0.722879291 0.198851898 0.825744271 -0.527829885 0.410803795 -0.964959800 0.259057015 0.041738424 0.540345788
-0.006053800 0.489323646 0.872081280 -0.780915022 0.209619239 0.853342295 -0.477353930 0.390378863 -0.977764308 0.179915234 -0.107737638 0.659930825
-0.141685575 0.487760812 0.861402631 -0.783712626 0.219107717 0.864050388 -0.453220606 0.372128159 -0.965358436 0.124525137 -0.229295641 0.762878001
-0.333111346 0.474300474 0.814908504 -0.751474619 0.223298907 0.879366219 -0.420538545 0.342705607 -0.916064620 0.041882038 -0.398837656 0.901795864
-0.497748733 0.443555087 0.745322168 -0.708245218 0.226652861 0.895997822 -0.381859303 0.313962758 -0.837182522 -0.021140562 -0.546514869 1.027463198
-0.742135584 0.365636021 0.561734080 -0.561886787 0.216336891 0.923913300 -0.315566927 0.260603994 -0.634376347 -0.112669632 -0.764769375 1.211331367
-0.833654165 0.316595435 0.452535152 -0.475983530 0.192764074 0.934651613 -0.298778534 0.246950954 -0.517554522 -0.161845461 -0.840204358 1.280765533
-0.903067946 0.273034632 0.331542432 -0.380191445 0.179480925 0.941201210 -0.286228836 0.237736285 -0.390198529 -0.198978573 -0.898973167 1.337173462
-0.970558405 0.171106592 -0.169525489 0.003281221 0.211810485 0.941410303 -0.262455612 0.219777852 0.114685208 -0.290635735 -0.949935853 1.391590238
-0.939370394 0.119328208 -0.321471572 0.127067387 0.208278269 0.943301558 -0.258461326 0.216942593 0.272402942 -0.309746444 -0.910963118 1.369356871
-0.793565392 0.058668315 -0.605650127 0.351536930 0.229689211 0.950586617 -0.208873212 0.182879031 0.563468575 -0.304865837 -0.767827988 1.276566029
-0.573803723 -0.038576514 -0.818083882 0.528238177 0.206664219 0.959744692 -0.190210655 0.165003687 0.792489290 -0.278212279 -0.542732656 1.101394534
-0.443596363 -0.066536479 -0.893753469 0.596240461 0.198064506 0.965304673 -0.170168504 0.148536325 0.874066770 -0.252506971 -0.415027142 1.004387617
-0.296042740 -0.086901970 -0.951213241 0.647568822 0.176099777 0.973816156 -0.143773869 0.126644224 0.938801169 -0.210071608 -0.272987813 0.894534171
-0.122382514 -0.085720696 -0.988774240 0.688770771 0.135645077 0.985469878 -0.102223307 0.094808698 0.983169794 -0.146632701 -0.108976692 0.769131720
0.181997135 -0.075638354 -0.980385602 0.698547423 0.066597849 0.995695770 -0.064456463 0.062155001 0.981041193 -0.053560711 0.186251089 0.536702633
0.329640150 -0.063590661 -0.941962659 0.676096439 0.016489435 0.997964621 -0.061600823 0.057106346 0.943962634 0.004773680 0.330017805 0.421402514
0.486372560 -0.033211879 -0.873119950 0.627515495 -0.044887673 0.997008085 -0.062929086 0.055612069 0.872597635 0.069799326 0.483426571 0.299703419
0.730275512 0.042221881 -0.681846738 0.490023315 -0.158889115 0.981214881 -0.109414734 0.085263044 0.664418459 0.188240916 0.723265767 0.102742508
0.836086750 0.075343013 -0.543398798 0.389300048 -0.202912420 0.962749124 -0.178719461 0.133625045 0.509691536 0.259687364 0.820229769 0.020744786
0.898161411 0.140341893 -0.416665792 0.293236196 -0.245995298 0.945875406 -0.211674482 0.157573834 0.364407092 0.292615622 0.884072125 -0.036147386
0.959299207 0.184182286 -0.214060634 0.144530565 -0.244570628 0.920835793 -0.303721249 0.223717377 0.141174614 0.343712419 0.928402603 -0.079612270
0.942642331 0.313004613 0.115989655 -0.106960043 -0.217605144 0.839707851 -0.497532666 0.366163135 -0.253127456 0.443755358 0.859655559 -0.050981939
0.882404447 0.371997893 0.288062423 -0.240052074 -0.164603934 0.817652762 -0.551678658 0.410197914 -0.440758407 0.439387560 0.782732785 -0.003853053
0.833026052 0.431314081 0.346461862 -0.295727849 -0.177334115 0.801378548 -0.571266115 0.428649426 -0.524042189 0.414440095 0.744055867 0.022995427
0.675183475 0.547202229 0.494668543 -0.425271392 -0.071881108 0.716216445 -0.694166481 0.521904349 -0.734139144 0.433132380 0.522911072 0.178131014
0.558667660 0.582892537 0.590022683 -0.504019022 0.000069350 0.711359262 -0.702828526 0.530684412 -0.829391658 0.392688453 0.397372991 0.270431787
0.411705673 0.606797457 0.679922938 -0.578515768 0.083213806 0.717940032 -0.691113293 0.525356412 -0.907509863 0.341114193 0.245086014 0.382211089
0.097421989 0.624470830 0.774948537 -0.665249348 0.190873787 0.752474666 -0.630356252 0.485744774 -0.976768196 0.209327921 -0.045887575 0.601000786
-0.060683228 0.616932750 0.784672916 -0.681613803 0.241012007 0.771917820 -0.588265419 0.456355631 -0.968623102 0.153417736 -0.195530683 0.715722620
-0.247636497 0.597318232 0.762815297 -0.669376969 0.277773499 0.798057675 -0.534739256 0.414519280 -0.928179979 0.079468973 -0.363547236 0.841909647
-0.388736486 0.572390437 0.721978664 -0.646863937 0.290575027 0.819784701 -0.493476838 0.383484185 -0.874328375 0.017956482 -0.485002607 0.938766003
-0.579344213 0.505189896 0.639643252 -0.589707136 0.268280923 0.859220147 -0.435621470 0.334722906 -0.769665718 -0.080770679 -0.633317053 1.060145617
-0.706515551 0.449076056 0.546961188 -0.524702132 0.246233001 0.880572379 -0.404921740 0.308116019 -0.663479567 -0.151403680 -0.732715428 1.138732433
-0.797672987 0.362356663 0.482095033 -0.476447821 0.191629350 0.910233021 -0.367088497 0.277881205 -0.571835816 -0.200433001 -0.795506537 1.193316340
-0.958975136 0.208350271 0.192241520 -0.271826416 0.141751096 0.939677656 -0.311308026 0.233609185 -0.245506078 -0.271286190 -0.930661440 1.307035208
-0.991052628 0.122976765 0.051879764 -0.169589579 0.102723941 0.950943589 -0.291812003 0.217361778 -0.085220814 -0.283871770 -0.955067635 1.332914591
-0.989363909 0.047856294 -0.137364268 -0.032322481 0.084578022 0.957552969 -0.275570184 0.206488147 0.118345857 -0.284257174 -0.951415896 1.346438408
-0.951294005 -0.033751920 -0.306432396 0.093905896 0.050334051 0.963645995 -0.262398422 0.194623008 0.304148823 -0.265041918 -0.915011764 1.332930923
-0.893175960 -0.091563031 -0.440287232 0.196474850 0.026306920 0.966738343 -0.254411608 0.187695950 0.448937237 -0.238816977 -0.861058593 1.301812410
-0.808979928 -0.137212828 -0.571597874 0.296243548 0.014794163 0.967315793 -0.253143489 0.185190141 0.587650180 -0.213244289 -0.780508995 1.249614954
-0.641929686 -0.236079141 -0.729515374 0.424755186 -0.015284348 0.955172479 -0.295654953 0.209784031 0.766611159 -0.178639516 -0.616762102 1.139541626
-0.491475463 -0.246450156 -0.835292816 0.508440375 -0.026676737 0.962934256 -0.268414050 0.191172212 0.870482683 -0.109636053 -0.479833126 1.047706604
-0.352172792 -0.279813260 -0.893128693 0.557662129 -0.037345406 0.957704842 -0.285318881 0.200028151 0.935189664 -0.067127265 -0.347727299 0.956253171
-0.019587873 -0.270463467 -0.962530971 0.622401059 -0.074355081 0.960443795 -0.268363744 0.184778482 0.997039378 0.066312402 -0.038923364 0.739616036
0.145107538 -0.243494183 -0.958986044 0.628546655 -0.093860738 0.961485863 -0.258331269 0.176898658 0.984953821 0.127496913 0.116664290 0.628980279
0.289137334 -0.198030248 -0.936580837 0.617002308 -0.133289635 0.960510969 -0.244238585 0.165219396 0.947962761 0.195455000 0.251324207 0.529317737
0.435832620 -0.159358189 -0.885807455 0.593780220 -0.171289280 0.951525629 -0.255458236 0.170933634 0.883577883 0.263066322 0.387409538 0.426036716
0.675774038 -0.041506093 -0.735939324 0.492895186 -0.255454302 0.923351049 -0.286646068 0.186106741 0.691427827 0.381706864 0.613373756 0.255434573
0.772195041 0.017178943 -0.635153413 0.426235318 -0.288261473 0.900310993 -0.326106608 0.210958302 0.566233277 0.434908062 0.700167656 0.186166078
0.863037109 0.082798958 -0.498308361 0.335890740 -0.302315801 0.874965608 -0.378206760 0.244240314 0.404687434 0.477052867 0.780159235 0.122419029
0.932978451 0.231690213 -0.275446534 0.178091466 -0.340075374 0.818100989 -0.463745117 0.301618308 0.117897853 0.526336789 0.842062712 0.061795004
0.940737426 0.299425334 -0.159240022 0.094224520 -0.337843180 0.786465466 -0.517043352 0.336728573 -0.029579088 0.540200293 0.841016412 0.055383198
0.930143774 0.366795629 -0.017129064 -0.005066616 -0.311860174 0.764488280 -0.564181626 0.368661970 -0.193844348 0.530111909 0.825472951 0.059484914
0.887251973 0.443032652 0.128475547 -0.111095518 -0.298439622 0.763687968 -0.572463572 0.393301487 -0.351735294 0.469577044 0.809802175 0.045185730
0.304526687 0.430649161 0.849590957 -0.609906673 -0.038756579 0.896818936 -0.440696687 0.315765500 -0.951715052 0.101276658 0.289795786 0.396256983
0.172370598 0.439454675 0.881571233 -0.638781548 -0.027114347 0.896744668 -0.441716850 0.315353304 -0.984658957 0.052235786 0.166487962 0.480533034
0.005554561 0.476720721 0.879037321 -0.639847636 -0.006683745 0.879048884 -0.476684779 0.330494821 -0.999962270 -0.003227476 0.008069038 0.587795734
-0.277254015 0.497028321 0.822248697 -0.619368792 0.057780620 0.862875462 -0.502103150 0.341765285 -0.959057689 -0.091700025 -0.267954260 0.774903893
-0.425508618 0.471142203 0.772636712 -0.587385833 0.086118273 0.870992064 -0.483690441 0.325231254 -0.900847375 -0.139276356 -0.411188573 0.869616687
-0.569887877 0.409084290 0.712655485 -0.549427271 0.100653917 0.895491600 -0.433547556 0.292160809 -0.815534532 -0.175341949 -0.551505625 0.961997807
-0.695253670 0.335229248 0.635801613 -0.501109958 0.089418463 0.918044209 -0.386263102 0.260537565 -0.713180602 -0.211698428 -0.668249190 1.039534330
-0.908471465 0.216937557 0.357235998 -0.327842474 0.107883796 0.947493553 -0.301026791 0.200470343 -0.403782815 -0.234934255 -0.884174943 1.176052690
-0.998991311 0.044567719 -0.005455285 -0.110101819 0.044456273 0.964737177 -0.259433627 0.172663748 -0.006299376 -0.259414464 -0.965745568 1.243726730
