1.000000000 0.000000000 0.000000000 0.000000000 0.000000000 1.000000000 0.000000000 0.000000000 0.000000000 0.000000000 1.000000000 0.000000000
0.999993145 0.000171184 -0.003696314 -0.000177408 -0.000175975 0.999999166 -0.001295660 -0.001088466 0.003696089 0.001296302 0.999992311 -0.000884008
0.999975443 -0.000394181 -0.006995596 -0.000260771 0.000377789 0.999997199 -0.002344338 -0.002333365 0.006996500 0.002341637 0.999972761 -0.001548640
0.999942005 -0.001898545 -0.010599961 -0.000223455 0.001861991 0.999992311 -0.003457289 -0.003671323 0.010606443 0.003437352 0.999937832 -0.001954131
0.999882817 -0.003700878 -0.014853310 0.000455331 0.003631509 0.999982357 -0.004694507 -0.005157765 0.014870422 0.004640017 0.999878645 -0.001571164
0.999828935 -0.003619049 -0.018136973 0.000479274 0.003525049 0.999980211 -0.005212063 -0.006419152 0.018155476 0.005147237 0.999821901 -0.002283084
0.999749839 -0.004452058 -0.021918582 0.000618131 0.004332139 0.999975383 -0.005515592 -0.007984660 0.021942599 0.005419258 0.999744534 -0.002557578
0.999649942 -0.005564128 -0.025866712 0.000720157 0.005407357 0.999966621 -0.006126692 -0.009181504 0.025899937 0.005984676 0.999646604 -0.003759968
0.999530911 -0.006427714 -0.029943692 0.001097216 0.006231344 0.999958515 -0.006646672 -0.010440827 0.029985173 0.006456965 0.999529481 -0.003924007
0.999358594 -0.008627033 -0.034756672 0.001980982 0.008398945 0.999942243 -0.006703070 -0.012296516 0.034812491 0.006406851 0.999373317 -0.004614738
0.999170959 -0.008816468 -0.039745055 0.002109367 0.008539549 0.999938071 -0.007131790 -0.013267994 0.039805464 0.006786471 0.999184430 -0.006929213
0.998887420 -0.010956990 -0.045867462 0.002111370 0.010584639 0.999909103 -0.008352974 -0.015653877 0.045954823 0.007858191 0.998912632 -0.008112472
0.998709261 -0.011929556 -0.049370721 0.002156446 0.011498590 0.999893308 -0.009004008 -0.016845725 0.049472865 0.008424692 0.998739958 -0.009083444
0.998520494 -0.012467894 -0.052926078 0.002168745 0.011974846 0.999881983 -0.009622671 -0.018099010 0.053039815 0.008974653 0.998552024 -0.010244486
0.998305857 -0.013315672 -0.056639679 0.002221445 0.012776081 0.999869525 -0.009878192 -0.019582106 0.056763835 0.009137821 0.998345792 -0.011448133
0.998049438 -0.015296919 -0.060525056 0.002112056 0.014707201 0.999840081 -0.010176925 -0.021121848 0.060671054 0.009266922 0.998114765 -0.013335704
0.997848392 -0.016154693 -0.063541174 0.001244210 0.015491078 0.999820411 -0.010922661 -0.021869086 0.063706219 0.009914839 0.997919500 -0.015098474
0.997625470 -0.017187500 -0.066693619 0.000111191 0.016494500 0.999804258 -0.010927672 -0.022936400 0.066868402 0.009801649 0.997713625 -0.017629283
0.997263610 -0.017735576 -0.071769029 -0.000139970 0.017000366 0.999796808 -0.010842078 -0.024640668 0.071946725 0.009592311 0.997362316 -0.020226888
0.996703267 -0.019374419 -0.078785568 0.000527030 0.018488714 0.999757588 -0.011955967 -0.027015729 0.078998096 0.010459908 0.996819913 -0.021197923
0.996797442 -0.020141488 -0.077389933 0.001058483 0.019286700 0.999744654 -0.011776857 -0.026117932 0.077607363 0.010246546 0.996931314 -0.022381797
0.997212887 -0.019553464 -0.072001792 0.001084730 0.018795334 0.999760807 -0.011191908 -0.023788648 0.072203390 0.009807416 0.997341752 -0.025045257
0.997531414 -0.019459179 -0.067472726 0.001710791 0.018777512 0.999766171 -0.010722462 -0.021631438 0.067665599 0.009429022 0.997663498 -0.026253719
0.998048902 -0.018649813 -0.059587080 0.002832287 0.018032182 0.999778211 -0.010886139 -0.016676657 0.059776872 0.009790414 0.998163819 -0.027709285
0.998569846 -0.018330313 -0.050221652 0.004106679 0.017839912 0.999788940 -0.010195636 -0.011608305 0.050397936 0.009285108 0.998686016 -0.028908163
0.998984277 -0.017666018 -0.041453015 0.006275094 0.017247980 0.999796927 -0.010420806 -0.006086961 0.041628696 0.009695241 0.999086022 -0.028677233
0.999687552 -0.017477414 -0.017869916 0.006309828 0.017477077 0.999847174 -0.000175210 -0.006617513 0.017870249 -0.000137159 0.999840260 -0.028371898
0.999830723 -0.017746510 -0.004842978 0.005486876 0.017772226 0.999827802 0.005319448 -0.006671566 0.004747741 -0.005404618 0.999974012 -0.028682817
0.999794126 -0.018029355 0.009300172 0.002109745 0.017885361 0.999722362 0.015340585 -0.012204212 -0.009574171 -0.015171088 0.999839008 -0.030220231
0.999655366 -0.017648434 0.019432738 0.004601072 0.017234819 0.999625623 0.021250028 -0.011442993 -0.019800495 -0.020907780 0.999585271 -0.030399889
0.999354303 -0.017279685 0.031506371 0.004163692 0.016502386 0.999557018 0.024766563 -0.007594608 -0.031920377 -0.024230637 0.999196649 -0.029684411
0.999005020 -0.016451197 0.041453365 0.006682097 0.015284966 0.999482691 0.028295197 -0.002341427 -0.041897412 -0.027633429 0.998739719 -0.032824699
0.998587012 -0.015609263 0.050797552 0.010244169 0.014019582 0.999405324 0.031501684 0.002616218 -0.051259063 -0.030745009 0.998212039 -0.033392824
0.998049736 -0.014690487 0.060669880 0.014016930 0.012541182 0.999285400 0.035656318 0.005251086 -0.061150339 -0.034825899 0.997520804 -0.030663311
0.997507870 -0.013919697 0.069169536 0.017372858 0.011174605 0.999140561 0.039916113 0.007687276 -0.069665715 -0.039043695 0.996805966 -0.031008078
0.995371640 -0.016779844 0.094623759 0.009233844 0.011211569 0.998190582 0.059074022 -0.003147287 -0.095443800 -0.057739731 0.993758798 -0.031356201
0.994409323 -0.016786801 0.104251295 0.013248308 0.010133284 0.997896731 0.064026654 -0.004364721 -0.105106808 -0.062612280 0.992487848 -0.031720348
0.993287385 -0.016250478 0.114525601 0.017566223 0.008732073 0.997791529 0.065846659 -0.002066104 -0.115342714 -0.064404599 0.991235614 -0.033936281
0.992069125 -0.015593455 0.124722652 0.022101173 0.007235025 0.997713864 0.067190394 0.000896307 -0.125485241 -0.065755144 0.989913940 -0.035160180
0.990680397 -0.014418658 0.135442212 0.026484197 0.005344545 0.997730434 0.067122303 0.003426246 -0.136102647 -0.065772869 0.988508940 -0.036090672
0.985454738 -0.016504114 0.169134676 0.016090529 0.004409106 0.997420907 0.071638636 -0.001429644 -0.169880763 -0.069850899 0.982985973 -0.031257067
0.983544648 -0.014925648 0.180047259 0.014374502 0.001522587 0.997230947 0.074351490 -0.002478936 -0.180658460 -0.072853878 0.980844021 -0.030840630
0.982525170 -0.015929203 0.185447216 0.013839873 0.001128194 0.996822536 0.079645894 -0.005700248 -0.186126664 -0.078044862 0.979421258 -0.030200470
0.982592165 -0.014731080 0.185190827 0.021621674 -0.000273298 0.996735454 0.080735795 -0.002306277 -0.185775578 -0.079380982 0.979380429 -0.033195544
0.981963933 -0.015645240 0.188419908 0.019543957 -0.000687237 0.996268451 0.086305633 -0.004321761 -0.189067096 -0.084878504 0.978288889 -0.032902833
0.982193291 -0.015517464 0.187230885 0.020668261 -0.001404944 0.995948613 0.089913175 -0.002577720 -0.187867567 -0.088575169 0.978192329 -0.034836411
0.981439948 -0.019226501 0.190803498 0.011757867 -0.001362959 0.994236887 0.107195944 -0.012677614 -0.191764876 -0.105466433 0.975757718 -0.032915305
0.982178569 -0.018841779 0.187003464 0.012784562 -0.001596714 0.994090021 0.108547084 -0.005669352 -0.187943518 -0.106911205 0.976343870 -0.033003867
0.983123124 -0.020669287 0.181774050 0.014674639 -0.000636704 0.993204594 0.116379604 -0.008178331 -0.182944283 -0.114531204 0.976429284 -0.035516910
0.983599067 -0.021193974 0.179119334 0.011739530 -0.001311383 0.992205977 0.124602169 -0.010755988 -0.180364072 -0.122793473 0.975905001 -0.035815343
0.984484732 -0.020618254 0.174255282 0.009922979 -0.001944363 0.991729736 0.128328562 -0.007559743 -0.175460070 -0.126676321 0.976302683 -0.035890497
0.985833287 -0.019390445 0.166603923 0.006267541 -0.004683833 0.989725113 0.142905951 -0.008149659 -0.167663097 -0.141661763 0.975613177 -0.037528541
0.986460268 -0.020914424 0.162661508 0.003392864 -0.004033795 0.988440871 0.151553035 -0.010995246 -0.163950935 -0.150157228 0.974973261 -0.038834970
0.987163782 -0.020316031 0.158413872 0.001794534 -0.004939514 0.987518311 0.157426640 -0.009738228 -0.159634888 -0.156188369 0.974741936 -0.039030984
0.987076759 -0.019654404 0.159038574 0.002565395 -0.006201855 0.987021148 0.160470635 -0.012502807 -0.160128370 -0.159383178 0.974143684 -0.040486731
0.986318886 -0.017988184 0.163864851 0.002889054 -0.008201566 0.987443030 0.157762125 -0.011458054 -0.164645061 -0.156947717 0.973786056 -0.041501198
0.985163033 -0.015986508 0.170875147 0.002171928 -0.011610466 0.987162769 0.159294635 -0.014513923 -0.171228141 -0.158915132 0.972330689 -0.042405862
0.985053420 -0.016703311 0.171437263 -0.000411676 -0.012153255 0.986066937 0.165904358 -0.019522458 -0.171819776 -0.165508181 0.971125662 -0.042308372
0.985077918 -0.016745618 0.171292454 -0.002092117 -0.013128363 0.985044718 0.171797693 -0.023276450 -0.171607584 -0.171482906 0.970126033 -0.042444870
0.985483348 -0.017499445 0.168867543 -0.003655227 -0.013020278 0.983953416 0.177949607 -0.024864312 -0.169271812 -0.177565068 0.969442010 -0.043100245
0.985966206 -0.017739689 0.166000158 -0.006484770 -0.013147961 0.982998550 0.183141604 -0.023523517 -0.166426808 -0.182754010 0.968970120 -0.043067623
0.987276256 -0.019371124 0.157830179 -0.011007341 -0.012678264 0.979803145 0.199561566 -0.028455436 -0.158508256 -0.199023396 0.967090845 -0.043578245
0.988378286 -0.019635987 0.150740564 -0.011956259 -0.011935401 0.978536844 0.205725878 -0.027589466 -0.151544824 -0.205134153 0.966930330 -0.045522623
0.989328444 -0.021097060 0.144167185 -0.013287609 -0.010652929 0.976339817 0.215979427 -0.032216780 -0.145312667 -0.215210408 0.965695977 -0.045906723
0.990100384 -0.020626947 0.138837472 -0.016225528 -0.010599540 0.975330949 0.220493153 -0.028585471 -0.139960572 -0.219781950 0.965456903 -0.046735279
0.991619289 -0.021360787 0.127415597 -0.021067735 -0.009544511 0.971429169 0.237137467 -0.031396549 -0.128840670 -0.236366257 0.963084161 -0.047954295
0.992276013 -0.021903213 0.122101694 -0.025526417 -0.008698205 0.969581068 0.244615495 -0.031178553 -0.123745359 -0.243788123 0.961901486 -0.048189927
0.993171751 -0.021518238 0.114659399 -0.027496256 -0.007994237 0.967978179 0.250906914 -0.029179269 -0.116386876 -0.250110328 0.961196601 -0.049203139
0.994242728 -0.021472629 0.104977280 -0.026549935 -0.006428584 0.965996385 0.258475542 -0.028717017 -0.106957808 -0.257662296 0.960296869 -0.051968247
0.995088041 -0.021757804 0.096573308 -0.027479298 -0.004563024 0.964429200 0.264301598 -0.025952542 -0.098888732 -0.263444036 0.959592760 -0.053776793
0.995930374 -0.022560084 0.087256730 -0.027132975 -0.002147878 0.961947620 0.273225427 -0.027737983 -0.090100370 -0.272300929 0.957984388 -0.055627421
0.996922374 -0.025092829 0.074269839 -0.036701310 0.002108151 0.955627263 0.294570923 -0.037003286 -0.078365885 -0.293507814 0.952739239 -0.054985415
0.997844040 -0.024207998 0.061003000 -0.033371951 0.004641594 0.953190804 0.302333653 -0.039510213 -0.065466404 -0.301398635 0.951248109 -0.057595946
0.998443127 -0.022879697 0.050870150 -0.034512855 0.006045006 0.951014280 0.309087604 -0.039717320 -0.055450059 -0.308298886 0.949671984 -0.059239730
0.998915136 -0.022613566 0.040710174 -0.035444755 0.008649879 0.949071109 0.314943075 -0.040111601 -0.045758836 -0.314249277 0.948237002 -0.060962889
0.999325275 -0.023316363 0.028379828 -0.049170654 0.012778098 0.945100665 0.326529115 -0.041285921 -0.034435272 -0.325946212 0.944761038 -0.060451753
0.999203742 -0.026311554 0.029993430 -0.065907896 0.014454864 0.939396083 0.342528880 -0.055889711 -0.037188180 -0.341822624 0.939028382 -0.054565411
0.999438226 -0.026189074 0.020914711 -0.067088284 0.017241096 0.936872065 0.349247128 -0.057585645 -0.028740861 -0.348690301 0.936797261 -0.055868320
0.999578893 -0.026303239 0.012257637 -0.068583675 0.020222779 0.934330761 0.355832756 -0.059153259 -0.020812241 -0.355435014 0.934469283 -0.056927443
0.999666631 -0.025562886 0.003599886 -0.069685534 0.022532133 0.932065904 0.361587316 -0.060555950 -0.012598541 -0.361385673 0.932331324 -0.057847723
0.999620378 -0.024320586 -0.012942238 -0.072381116 0.027390115 0.927844584 0.371959955 -0.063172929 0.002962109 -0.372173190 0.928158581 -0.059666004
0.999488175 -0.024216797 -0.020903429 -0.073681064 0.030318104 0.925565839 0.377370805 -0.064348921 0.010208793 -0.377811342 0.925826311 -0.059943348
0.999293029 -0.024468878 -0.028545352 -0.074955009 0.033556685 0.922869146 0.383648872 -0.066120103 0.016956165 -0.384335458 0.923037767 -0.061121844
0.999042690 -0.024408078 -0.036302645 -0.076343291 0.036641303 0.920237541 0.389641106 -0.067660525 0.023896664 -0.390598238 0.920251012 -0.062035505
0.998478591 -0.022068299 -0.050532244 -0.079072542 0.040518433 0.915215135 0.400923133 -0.069805734 0.037400182 -0.402360648 0.914716959 -0.063782588
0.998136997 -0.020611566 -0.057426251 -0.080602080 0.042231735 0.912695944 0.406451046 -0.070787832 0.044035114 -0.408118993 0.911866069 -0.064220786
0.997757137 -0.019055158 -0.064168744 -0.081891544 0.043833360 0.910496175 0.411187649 -0.071326375 0.050590165 -0.413078070 0.909289300 -0.064668149
0.997339189 -0.017851831 -0.070681199 -0.083572172 0.045757838 0.908070028 0.416311204 -0.072644338 0.056751564 -0.418437660 0.906470656 -0.065618359
0.996447682 -0.014607627 -0.082937546 -0.086985715 0.048649061 0.903735638 0.425317705 -0.074020356 0.068740726 -0.427841604 0.901235938 -0.067702159
0.995933056 -0.014606332 -0.088904582 -0.088198438 0.051630676 0.901198268 0.430320770 -0.075470999 0.073835254 -0.433160812 0.898287237 -0.068132825
0.995433509 -0.014121301 -0.094406635 -0.090305448 0.053967118 0.899024904 0.434559256 -0.075512454 0.078737378 -0.437669694 0.895681679 -0.068423957
0.994977534 -0.012996804 -0.099250615 -0.091599785 0.055519044 0.896696091 0.439151019 -0.076926857 0.083290100 -0.442455649 0.892914116 -0.069618188
0.994334459 -0.008808921 -0.105931535 -0.095051527 0.055573080 0.892597914 0.447415411 -0.078155182 0.090613022 -0.450767457 0.888030410 -0.071202718
0.993969858 -0.006878019 -0.109437972 -0.095999107 0.055897757 0.890401542 0.451730609 -0.079413809 0.094336733 -0.455123901 0.885416746 -0.072422326
0.993635833 -0.006536893 -0.112450637 -0.097521469 0.057348490 0.888598204 0.455087125 -0.079293475 0.096948579 -0.458639681 0.883317888 -0.072383970
0.993267477 -0.005282945 -0.115722492 -0.098353088 0.058198761 0.886496603 0.459060520 -0.079990625 0.100162409 -0.462704748 0.880835831 -0.073249839
0.992609918 -0.003898725 -0.121286675 -0.100208476 0.060479563 0.882398069 0.466600180 -0.081047818 0.105203994 -0.470487297 0.876112878 -0.074679390
0.992268682 -0.002909081 -0.124074705 -0.101109542 0.061419185 0.880231738 0.470552474 -0.081476845 0.107845627 -0.474535018 0.873605072 -0.075179592
0.991969883 -0.002991244 -0.126439124 -0.101716667 0.063166842 0.877821803 0.474804133 -0.081814468 0.109570764 -0.478978157 0.870961666 -0.075776897
0.991458297 -0.002965235 -0.130390063 -0.103031144 0.066297352 0.872402430 0.484271437 -0.082285680 0.112316616 -0.488779485 0.865147114 -0.076868780
0.991613746 -0.004598808 -0.129155904 -0.108418226 0.067555539 0.870407403 0.487675369 -0.082320616 0.110175535 -0.492310733 0.863418579 -0.078305058
0.992091954 -0.004446889 -0.125434250 -0.116729513 0.066023819 0.868420839 0.491412282 -0.083247617 0.106744453 -0.495807827 0.861846983 -0.081237659
0.992570281 -0.004681501 -0.121582747 -0.125471860 0.064613350 0.866998911 0.494103193 -0.081946209 0.103098974 -0.498287976 0.860859871 -0.081695989
0.990913033 -0.000512399 -0.134502947 -0.108955897 0.067852721 0.865329385 0.496589452 -0.075881250 0.116134919 -0.501203358 0.857500911 -0.085685045
0.990797043 0.000011413 -0.135356307 -0.108921655 0.068619214 0.861931622 0.502359629 -0.079317182 0.116673619 -0.507024527 0.853998423 -0.084958233
0.991094112 0.000352976 -0.133161992 -0.113641545 0.067359097 0.861294568 0.503621340 -0.076013476 0.114869460 -0.508105874 0.853600204 -0.085888296
0.990444362 0.002733406 -0.137885928 -0.108994141 0.068355709 0.858625710 0.508024931 -0.078285873 0.119781047 -0.512595773 0.850234091 -0.087174498
0.990474761 0.004918816 -0.137606561 -0.113327533 0.067131057 0.855295181 0.513773978 -0.077628806 0.120221384 -0.518117726 0.846818089 -0.088166140
0.990203202 0.005362153 -0.139530718 -0.112678349 0.068074904 0.853926837 0.515921354 -0.077395990 0.121915460 -0.520365536 0.845196068 -0.088799439
0.989732265 0.006746767 -0.142774880 -0.110307164 0.068800710 0.853066921 0.517245889 -0.075588629 0.125286266 -0.521757901 0.843843639 -0.090123199
0.989417017 0.006750438 -0.144943193 -0.111447141 0.070537232 0.850565195 0.521117389 -0.073450252 0.126801386 -0.525826275 0.841087461 -0.091463551
0.989023387 0.006677050 -0.147608250 -0.110016465 0.072038233 0.850420415 0.521148324 -0.069796234 0.129008800 -0.526061296 0.840604663 -0.094211861
0.988635182 0.007702578 -0.150137365 -0.108879767 0.073506422 0.846398115 0.527453363 -0.076016396 0.131138742 -0.532495022 0.836212635 -0.092713542
0.987839460 0.011308573 -0.155065566 -0.106837273 0.073850341 0.843531787 0.531977713 -0.075883776 0.136818632 -0.536960185 0.832438886 -0.094261512
0.988009632 0.010891949 -0.154007137 -0.110565022 0.073948801 0.842260122 0.533975124 -0.075389929 0.135530114 -0.538961291 0.831355691 -0.094622478
0.987402558 0.012328631 -0.157746911 -0.106702171 0.075070500 0.841107190 0.535633326 -0.074355111 0.139285684 -0.540727854 0.829585910 -0.096160263
0.986936271 0.013135055 -0.160575300 -0.104704633 0.076650515 0.838366091 0.539691687 -0.077249601 0.141709745 -0.544949353 0.826407015 -0.095081553
0.986770272 0.016213946 -0.161311910 -0.106429599 0.074562229 0.838129103 0.540351808 -0.072772346 0.143961444 -0.545230865 0.825831950 -0.097153530
0.986299396 0.019259971 -0.163837090 -0.104050100 0.073372684 0.838299334 0.540250421 -0.069658734 0.147749737 -0.544869781 0.825401068 -0.097090304
0.986242235 0.019806739 -0.164115757 -0.105245911 0.073181383 0.837895811 0.540902019 -0.068590343 0.148225412 -0.545470655 0.824918687 -0.098629430
0.985666752 0.019847875 -0.167533115 -0.102808610 0.075393230 0.836551011 0.542676866 -0.067672618 0.150920987 -0.547529399 0.823064089 -0.099120274
0.985206246 0.020689191 -0.170119360 -0.100730777 0.076289408 0.835950136 0.543476939 -0.068007544 0.153455392 -0.548415124 0.822005033 -0.100367971
0.984313250 0.021930104 -0.175061136 -0.094888382 0.078218289 0.835159242 0.544417977 -0.068098657 0.158143044 -0.549570918 0.820343018 -0.098881565
0.983462512 0.022861129 -0.179662824 -0.091241166 0.080030277 0.835041583 0.544335127 -0.065636523 0.162470013 -0.549711645 0.819402575 -0.100278534
0.983277321 0.022069696 -0.180772886 -0.091170445 0.081340708 0.834895730 0.544364452 -0.065203451 0.162940487 -0.549965382 0.819138765 -0.101509221
0.982732892 0.021446388 -0.183783010 -0.088704921 0.083562940 0.834755778 0.544242620 -0.063974895 0.165085956 -0.550202549 0.818549871 -0.101356894
0.982299209 0.023173125 -0.185879678 -0.085648187 0.083675839 0.833526134 0.546106637 -0.065574311 0.167590573 -0.551993787 0.816833138 -0.100373536
0.981939435 0.024641508 -0.187584296 -0.082702257 0.083165616 0.834337771 0.544943929 -0.063145213 0.169936925 -0.550702453 0.817219734 -0.101152159
0.981826603 0.024425481 -0.188201979 -0.081703767 0.083488293 0.834977150 0.543914258 -0.061853770 0.170429736 -0.549742162 0.817763567 -0.102481022
0.981494606 0.024218239 -0.189952195 -0.078955136 0.085002288 0.833778739 0.545515895 -0.064475000 0.171589509 -0.551567256 0.816290736 -0.101853959
0.981622040 0.024008391 -0.189319298 -0.080701858 0.084967397 0.833312988 0.546232462 -0.065880232 0.170876384 -0.552279949 0.815958381 -0.101002455
0.980201662 0.027578831 -0.196071476 -0.070795529 0.085510470 0.834182858 0.544818163 -0.063934982 0.178584874 -0.550797820 0.815309286 -0.101184577
0.979400814 0.030130552 -0.199665517 -0.066859558 0.084560476 0.836726546 0.541052938 -0.059929851 0.183367655 -0.546791434 0.816942751 -0.104518235
0.978699088 0.030702295 -0.202991426 -0.062668532 0.085261941 0.838667631 0.537928224 -0.055648759 0.186757997 -0.543777287 0.818185627 -0.105467558
0.978313386 0.030928675 -0.204808250 -0.061224569 0.085952155 0.839017510 0.537272513 -0.055203240 0.188454837 -0.543224514 0.818163633 -0.105103888
0.977567732 0.031396396 -0.208268285 -0.057121985 0.087427720 0.839125633 0.536865473 -0.055159282 0.191618890 -0.543030679 0.817557275 -0.104876563
0.976637423 0.032309525 -0.212450862 -0.053387344 0.088505074 0.840414464 0.534668446 -0.053227279 0.195821658 -0.540980220 0.817920685 -0.107205935
0.976160765 0.033050343 -0.214517713 -0.051652834 0.089082837 0.840252757 0.534826696 -0.053201251 0.197925270 -0.541186750 0.817277431 -0.106462494
0.975377917 0.033671506 -0.217954889 -0.048447836 0.090386167 0.840431213 0.534327328 -0.052737698 0.201167703 -0.540871084 0.816694558 -0.106680088
0.973893046 0.034915172 -0.224306360 -0.042424984 0.092916347 0.840228140 0.534212649 -0.052802522 0.207120627 -0.541107714 0.815048218 -0.106561221
0.972896636 0.034751210 -0.228614017 -0.037551273 0.094866350 0.841633677 0.531651258 -0.049313165 0.210884780 -0.538929582 0.815525889 -0.107605442
0.972029984 0.034492072 -0.232310265 -0.033966400 0.097096920 0.841642797 0.531234145 -0.049903851 0.213845596 -0.538932025 0.814752936 -0.110053524
0.970659614 0.033740409 -0.238078654 -0.029394597 0.099680468 0.844564378 0.526094019 -0.043948732 0.218823358 -0.534390032 0.816421211 -0.110126436
0.968301654 0.034794074 -0.247348547 -0.018953620 0.104644299 0.842654526 0.528188288 -0.049798541 0.226807177 -0.537329257 0.812302768 -0.107099667
0.968306661 0.033832546 -0.247462183 -0.020717045 0.105242021 0.843263924 0.527095914 -0.049359012 0.226508915 -0.536433935 0.812977433 -0.107503802
0.969122529 0.032083854 -0.244483352 -0.026489513 0.104603216 0.844369471 0.525450706 -0.048482180 0.223292723 -0.534799933 0.814941347 -0.110555507
0.964785218 0.034123387 -0.260815889 -0.005384864 0.110850669 0.846455514 0.520792723 -0.044023346 0.238540277 -0.531364739 0.812865317 -0.109239258
0.963464081 0.034689561 -0.265581965 -0.001407407 0.112595432 0.847244859 0.519132376 -0.043539986 0.243021399 -0.530068696 0.812384069 -0.109008320
0.962138295 0.034003247 -0.270432413 0.002287589 0.115839161 0.847107649 0.518642306 -0.045838587 0.246720880 -0.530332327 0.811095774 -0.108334675
0.960545421 0.031775426 -0.276302040 0.005842261 0.119252250 0.850441277 0.512375295 -0.039757982 0.251259565 -0.525109470 0.813098252 -0.111721054
0.959842026 0.029671034 -0.278967798 0.007173527 0.122483149 0.850290179 0.511863530 -0.040266056 0.252391130 -0.525477052 0.812510192 -0.111480221
0.957051277 0.031051399 -0.288251072 0.018798880 0.125919059 0.851054668 0.509755015 -0.037708737 0.261146069 -0.524158001 0.810593069 -0.109583311
0.954904199 0.030467311 -0.295346767 0.025875639 0.129233465 0.852905750 0.505816698 -0.033113234 0.267313838 -0.521175206 0.810505867 -0.110743582
0.953603983 0.028451111 -0.299716771 0.025560372 0.132387593 0.854482055 0.502328455 -0.030774444 0.270394444 -0.518701136 0.811070859 -0.111960970
0.950999737 0.029463384 -0.307784736 0.034977835 0.135075033 0.855844021 0.499285251 -0.028662637 0.278126359 -0.516394198 0.809927583 -0.113247842
0.951322496 0.028905556 -0.306838572 0.030615404 0.133919016 0.857920349 0.496022582 -0.023817521 0.277580827 -0.512968898 0.812287927 -0.113163158
0.951200843 0.027566761 -0.307338655 0.026616585 0.133445799 0.861297786 0.490263522 -0.020458419 0.278225094 -0.507352233 0.815588534 -0.117868170
0.947184265 0.030705355 -0.319216192 0.042871915 0.136606857 0.861944199 0.488252729 -0.020217191 0.290138543 -0.506072581 0.812225461 -0.113808714
0.946109235 0.030462416 -0.322411835 0.044921525 0.137158975 0.864174008 0.484139264 -0.018027984 0.293367952 -0.502270281 0.813424826 -0.115494400
0.942802370 0.030243376 -0.331977487 0.052375872 0.140551984 0.866962910 0.478142828 -0.018263277 0.302272767 -0.497454286 0.813123882 -0.114074126
0.940248728 0.031411160 -0.339036316 0.059105303 0.142328069 0.868308961 0.475165486 -0.018624451 0.309313744 -0.495028287 0.811955690 -0.112824582
0.937472641 0.032079931 -0.346577287 0.065452889 0.144801885 0.869534671 0.472167224 -0.018990058 0.316508085 -0.492828965 0.810519814 -0.111165754
0.933782578 0.030868258 -0.356506884 0.070787072 0.147963434 0.873808026 0.463213056 -0.015446227 0.325817138 -0.485290349 0.811379433 -0.112549439
0.932138681 0.031106066 -0.360762924 0.073369339 0.148099527 0.876410544 0.458226055 -0.012238547 0.330430001 -0.480559170 0.812329412 -0.114432901
0.929370046 0.031803507 -0.367776722 0.080063418 0.150367647 0.877268195 0.455840081 -0.012634449 0.337136149 -0.478945911 0.810524583 -0.112627432
0.927691042 0.031201238 -0.372042686 0.083247393 0.152188018 0.878350139 0.453144342 -0.012509309 0.340922445 -0.476998448 0.810089111 -0.114061147
0.923560739 0.029794890 -0.382292688 0.091949955 0.156523630 0.880841196 0.446787596 -0.008868676 0.350051135 -0.472473443 0.808846772 -0.113646515
0.921205997 0.029255833 -0.387973636 0.097359024 0.158810258 0.882046223 0.443591833 -0.007925641 0.355188370 -0.470253795 0.807900190 -0.113676541
0.919864714 0.027648872 -0.391259909 0.099150732 0.160787091 0.883270204 0.440433115 -0.007960178 0.357765645 -0.468048513 0.808043659 -0.114704370
0.915154517 0.025268178 -0.402310491 0.107663319 0.165365249 0.886655271 0.431852758 -0.004328467 0.367622852 -0.461740196 0.807248116 -0.115304925
0.912215173 0.023537684 -0.409034669 0.111906126 0.167682379 0.889458299 0.425142854 0.000816055 0.373826176 -0.456409782 0.807430565 -0.115794986
0.910962760 0.021433437 -0.411931276 0.110863514 0.169912472 0.890490651 0.422085434 0.000074342 0.375867695 -0.454496533 0.807562053 -0.117764622
0.905087888 0.019183813 -0.424791574 0.121416926 0.176722258 0.891652644 0.416803122 0.000987612 0.386762351 -0.452313721 0.803633690 -0.113220885
0.900463223 0.017190397 -0.434592366 0.130095929 0.182340682 0.892245531 0.413097769 0.000664804 0.394864410 -0.451223314 0.800299764 -0.115184918
0.898310184 0.015052723 -0.439103991 0.131765574 0.184272572 0.894356251 0.407640100 0.005540464 0.398851544 -0.447102129 0.800635517 -0.117129907
0.894926786 0.013867397 -0.445997477 0.137586415 0.189027071 0.893617928 0.407082021 0.001820717 0.404196471 -0.448614240 0.797101319 -0.114967316
0.886557698 0.009785872 -0.462514490 0.150996462 0.197123975 0.896480262 0.396819115 0.008551579 0.418518305 -0.442975909 0.792852402 -0.112341732
0.884312391 0.006556738 -0.466849506 0.150817901 0.199191839 0.899038672 0.389938474 0.012669049 0.422272503 -0.437820107 0.793725073 -0.116822287
0.883378744 0.003951777 -0.468643039 0.146809548 0.199980944 0.901178777 0.384557366 0.015241034 0.423850894 -0.433429539 0.795291960 -0.123873442
0.871357918 0.002872169 -0.490639508 0.166082710 0.212603629 0.899018288 0.382839054 0.008621909 0.442193449 -0.437901646 0.782756090 -0.114116959
0.867506385 0.000885107 -0.497425199 0.169115335 0.217189580 0.898967266 0.380376816 0.007455327 0.447505713 -0.438014925 0.779667556 -0.113736562
0.864131808 -0.001621787 -0.503262818 0.171148747 0.219164878 0.901403606 0.373414099 0.014490709 0.453037381 -0.432976663 0.779287100 -0.116949029
0.862649322 -0.005785169 -0.505769312 0.166170254 0.222211748 0.902604043 0.368684024 0.015922181 0.454376519 -0.430433035 0.779916227 -0.124677882
0.851731718 -0.008070417 -0.523916006 0.182280242 0.228245944 0.905747116 0.357107937 0.025775515 0.471653342 -0.423741877 0.773295522 -0.120977223
0.846192241 -0.007818243 -0.532820344 0.188715309 0.234106377 0.903685868 0.358533174 0.018258467 0.478699118 -0.428124636 0.766522288 -0.115646720
0.841388524 -0.007889654 -0.540373147 0.193789124 0.237217054 0.903811932 0.356163025 0.016748041 0.485585719 -0.427857190 0.762328506 -0.113677233
0.832502127 -0.011130765 -0.553910017 0.201562196 0.241462231 0.907134533 0.344678164 0.021252967 0.498634398 -0.420693666 0.757879019 -0.115950860
0.827995360 -0.012784818 -0.560589194 0.205485582 0.243163884 0.909032881 0.338423878 0.023783080 0.505267262 -0.416528434 0.755783737 -0.117163017
0.823320568 -0.013006423 -0.567427576 0.209627658 0.247346476 0.908032238 0.338078737 0.017710902 0.510845363 -0.418698430 0.750818670 -0.115286723
0.813675940 -0.015472550 -0.581112862 0.218118459 0.249965832 0.911822557 0.325724930 0.026628733 0.524832010 -0.410292894 0.745795608 -0.118201941
0.808659196 -0.016433289 -0.588047981 0.221747577 0.250639290 0.913968086 0.319127560 0.031788401 0.532212675 -0.405453324 0.743207395 -0.119767867
0.802137852 -0.017066563 -0.596895039 0.227441460 0.254756153 0.913838506 0.316225529 0.029695138 0.540068805 -0.405719191 0.737372160 -0.118527502
0.791161060 -0.020021785 -0.611280024 0.233686790 0.260032266 0.915643752 0.306560934 0.032232754 0.553576827 -0.401491612 0.729628026 -0.120154768
0.787637532 -0.022286773 -0.615735769 0.232996777 0.262652934 0.916140378 0.302820653 0.031082042 0.557351470 -0.400237679 0.727440178 -0.124011084
0.779761255 -0.023718052 -0.625627697 0.240857974 0.265320778 0.917632222 0.295898616 0.036006495 0.567078054 -0.396722227 0.721826851 -0.121536106
0.767487109 -0.028058814 -0.640450120 0.248981759 0.272292137 0.918711424 0.286053091 0.037691332 0.580362499 -0.393931568 0.712739289 -0.120762981
0.760371923 -0.031327620 -0.648731947 0.254836589 0.275424719 0.920130968 0.278388739 0.042426296 0.588197112 -0.390355796 0.708270013 -0.121384874
0.753514707 -0.032838341 -0.656610489 0.260024011 0.277279526 0.921448946 0.272117674 0.046053372 0.596097171 -0.387109280 0.703430593 -0.120789975
0.740913033 -0.033707030 -0.670754790 0.268000782 0.280413598 0.923044264 0.263358533 0.047017336 0.610259235 -0.383214474 0.693347216 -0.118793130
0.736299813 -0.035288468 -0.675734639 0.269030511 0.283043742 0.923135996 0.260204196 0.044461779 0.614612758 -0.382850707 0.689692974 -0.120913893
0.727301359 -0.036366388 -0.685354233 0.276183039 0.285726219 0.923986137 0.254185349 0.047963642 0.624014020 -0.380692989 0.682407022 -0.115317434
0.713020802 -0.040129296 -0.699993670 0.287717998 0.291942388 0.924692214 0.244364649 0.048291057 0.637472510 -0.378594846 0.671040118 -0.115615755
0.708685279 -0.042794593 -0.704225779 0.287242234 0.292344838 0.926247001 0.237909660 0.053089082 0.642105818 -0.374479800 0.668928266 -0.117558114
0.699656188 -0.045434229 -0.713033676 0.295333862 0.295833081 0.926832020 0.231225461 0.056037426 0.650357008 -0.372717291 0.661904573 -0.114194863
0.689023077 -0.049488213 -0.723047853 0.299317062 0.299761415 0.927788019 0.222154021 0.057263985 0.659841061 -0.369811118 0.654102027 -0.115499720
0.681324780 -0.051284611 -0.730182528 0.305964619 0.302733123 0.927972674 0.217300311 0.056879468 0.666445255 -0.369102478 0.647776306 -0.114250623
0.673278153 -0.053721298 -0.737435162 0.312253445 0.302799404 0.929920316 0.208712190 0.065581664 0.674543679 -0.363816261 0.642361760 -0.111329429
0.661413252 -0.056851901 -0.747863948 0.319698006 0.306755722 0.930416048 0.200566366 0.066384010 0.684422076 -0.362068713 0.632829130 -0.109417915
0.655758142 -0.058026083 -0.752737820 0.323256284 0.309277982 0.930188835 0.197726637 0.064502187 0.688715100 -0.362466037 0.627925038 -0.107373618
0.650306463 -0.060685858 -0.757244170 0.326608002 0.308311790 0.932103097 0.190072984 0.071226239 0.694294930 -0.357073009 0.624862731 -0.110383600
0.638140440 -0.063212112 -0.767320573 0.336200505 0.310592413 0.933066428 0.181437165 0.073617347 0.704492152 -0.354106367 0.615060687 -0.109133400
0.636666179 -0.066809863 -0.768239975 0.336081117 0.311209142 0.933768988 0.176704302 0.074333727 0.705553055 -0.351584911 0.615290821 -0.119942099
0.632842779 -0.068930387 -0.771206021 0.338052213 0.312121034 0.934228063 0.172621638 0.074537344 0.708583474 -0.349951923 0.612734079 -0.124356411
0.613781869 -0.072618693 -0.786128700 0.354222953 0.314412951 0.935870349 0.159031630 0.083278447 0.724165916 -0.344779819 0.597252429 -0.107189626
0.606516123 -0.074892804 -0.791536093 0.360208869 0.316065073 0.936220527 0.153603092 0.083887450 0.729548514 -0.343339592 0.591503918 -0.104472309
0.602026522 -0.077581853 -0.794698179 0.363212794 0.316453815 0.936950147 0.148261622 0.085189357 0.733090103 -0.340742707 0.588619769 -0.107745796
0.589774489 -0.082740620 -0.803318202 0.373201013 0.317894936 0.938211501 0.136755407 0.090267450 0.742367089 -0.336025596 0.579635978 -0.106973141
0.584628046 -0.086177282 -0.806711614 0.377069503 0.318629593 0.938836157 0.130620986 0.094109938 0.746113360 -0.333406866 0.576328516 -0.109765470
0.575587511 -0.088176295 -0.812972307 0.384813190 0.321509600 0.938507557 0.125837982 0.095482275 0.751884699 -0.333809137 0.568542659 -0.103450701
0.564731836 -0.094472259 -0.819849372 0.392447114 0.323922157 0.939078927 0.114914089 0.101360112 0.759047031 -0.330463022 0.560929418 -0.107498012
0.556413949 -0.096121654 -0.825326622 0.398549676 0.324135393 0.939700723 0.109081522 0.106030695 0.765074849 -0.328212053 0.554019034 -0.102676600
0.550439954 -0.097457841 -0.829166949 0.404344261 0.324988991 0.939839900 0.105276927 0.106220245 0.769024074 -0.327418774 0.548998058 -0.104792714
0.536484480 -0.100172892 -0.837943792 0.413932323 0.328159243 0.939547956 0.097781099 0.107786521 0.777493417 -0.327437043 0.536925495 -0.101293892
0.530251861 -0.102940336 -0.841567755 0.418086559 0.330193251 0.939305663 0.093151346 0.110425755 0.780900300 -0.327273667 0.532058716 -0.102399416
0.523595333 -0.104624465 -0.845518470 0.423118174 0.332147181 0.938972056 0.089496896 0.112026349 0.784554720 -0.327696741 0.526392043 -0.099973060
0.514648378 -0.109717667 -0.850352287 0.431022227 0.334277451 0.938973904 0.081158482 0.118657246 0.789554119 -0.326021671 0.519917488 -0.101493590
0.509386957 -0.111325778 -0.853306174 0.435980916 0.334431291 0.939261019 0.077101231 0.122297287 0.792893887 -0.324646652 0.515677989 -0.100598782
0.506030977 -0.112789631 -0.855108798 0.440480500 0.336131215 0.938817561 0.075082764 0.121362239 0.794322610 -0.325423002 0.512982845 -0.104746297
0.491534501 -0.114790708 -0.863259494 0.451798618 0.340106696 0.937856138 0.068944499 0.123602346 0.801698983 -0.327488840 0.500029683 -0.090919130
0.488874018 -0.118701488 -0.864240766 0.453691125 0.338210136 0.939003229 0.062344968 0.133270934 0.804124415 -0.322773814 0.499200195 -0.097597107
0.482792974 -0.119031101 -0.867607355 0.459492862 0.339346826 0.938743055 0.060044013 0.133118019 0.807313204 -0.323408633 0.493611336 -0.094454788
0.470947623 -0.121407844 -0.873766780 0.470530927 0.342191577 0.938071787 0.054093421 0.135477200 0.813088715 -0.324470758 0.483327448 -0.089512184
0.463583529 -0.123861365 -0.877353132 0.474549413 0.342137307 0.938407779 0.048300669 0.142199308 0.817332387 -0.322566658 0.477407932 -0.082618296
0.461355031 -0.124788299 -0.878395915 0.478456616 0.343432903 0.937994301 0.047124296 0.139853641 0.818049788 -0.323411107 0.475604713 -0.089261666
0.448881119 -0.127870113 -0.884395301 0.487610519 0.342799842 0.938628256 0.038279146 0.149544612 0.825223565 -0.320353389 0.465166271 -0.081852421
0.445987672 -0.129951462 -0.885554969 0.492183268 0.343465775 0.938503206 0.035256580 0.149235368 0.826514482 -0.319881827 0.463194668 -0.087937012
0.442822278 -0.134057373 -0.886530936 0.494157821 0.340508163 0.939825535 0.027967513 0.158758476 0.829435110 -0.314255655 0.461823285 -0.091872305
0.430811495 -0.136144638 -0.892113328 0.504560053 0.343550801 0.938861549 0.022625685 0.156621099 0.834490478 -0.316233695 0.451244771 -0.085399330
0.432019532 -0.138183415 -0.891215146 0.505673289 0.342429817 0.939322948 0.020351410 0.156989112 0.834326744 -0.313970804 0.453123927 -0.098674640
0.433737397 -0.140390664 -0.890034914 0.505358338 0.342519611 0.939323545 0.018753514 0.155102730 0.833397925 -0.312988549 0.455506265 -0.111423410
0.416659802 -0.146377712 -0.897200167 0.517621100 0.340941221 0.940071523 0.004960939 0.173434705 0.842706084 -0.307959527 0.441596091 -0.092249289
0.409046620 -0.147252440 -0.900554061 0.521902978 0.341375321 0.939926088 0.001368031 0.176161975 0.846252680 -0.307986498 0.434741914 -0.080897272
0.406967700 -0.147420317 -0.901468098 0.528670192 0.342644691 0.939464450 0.001052901 0.171564654 0.846741974 -0.309311748 0.432844460 -0.087608173
0.392023683 -0.152563006 -0.907216609 0.536534488 0.340558618 0.940159559 -0.010941733 0.187173530 0.854597688 -0.304670990 0.420521557 -0.067373887
0.390735596 -0.155162454 -0.907331467 0.539308131 0.341652066 0.939728498 -0.013572694 0.187932596 0.854751170 -0.304688364 0.420196980 -0.073933452
0.382645667 -0.155844346 -0.910656333 0.544568062 0.342500418 0.939366698 -0.016843554 0.190576643 0.858065128 -0.305455059 0.412821323 -0.061549991
0.375560462 -0.160404086 -0.912811577 0.549991488 0.342674166 0.939146519 -0.024044499 0.197020605 0.861120641 -0.303766757 0.407672703 -0.060514271
0.371056408 -0.161753565 -0.914414048 0.554426014 0.341439426 0.939497292 -0.027639285 0.200089306 0.863560200 -0.301961273 0.403835535 -0.057954714
0.367485285 -0.162940904 -0.915644526 0.556581259 0.340790361 0.939646423 -0.030439129 0.200929612 0.865341902 -0.300856888 0.400834888 -0.056669593
0.359626323 -0.165594175 -0.918285072 0.561619878 0.339937598 0.939745724 -0.036335047 0.203279257 0.868971467 -0.299092621 0.394248992 -0.049380019
0.352728695 -0.167386845 -0.920632482 0.567270279 0.338605732 0.940026700 -0.041180559 0.207329765 0.872312248 -0.297205836 0.388252556 -0.044617116
0.349142581 -0.169292808 -0.921650469 0.570808589 0.337238997 0.940344155 -0.044972636 0.210407943 0.874282122 -0.295114607 0.385406375 -0.044102758
0.345739305 -0.170998201 -0.922618032 0.572502673 0.336400628 0.940482199 -0.048247319 0.211597666 0.875955999 -0.293688297 0.382685572 -0.043133810
0.337416291 -0.174462795 -0.925047576 0.579826653 0.334282756 0.940836728 -0.055509079 0.217191607 0.880002975 -0.290497780 0.375773579 -0.038524002
0.333766311 -0.177100405 -0.925870299 0.581521630 0.334770143 0.940437973 -0.059205879 0.220680013 0.881208777 -0.290192723 0.373174489 -0.035286069
0.330616981 -0.178219840 -0.926784813 0.585413992 0.336058825 0.939873099 -0.060852610 0.220389515 0.881905317 -0.291335315 0.370630383 -0.033193424
0.323357791 -0.181131378 -0.928779423 0.591221273 0.337075144 0.939175189 -0.065804891 0.226029843 0.884205878 -0.291789919 0.364744544 -0.028081775
0.317949861 -0.183504492 -0.930179656 0.593646348 0.337430269 0.938754916 -0.069857299 0.232352942 0.886029720 -0.291659623 0.360397071 -0.021406263
0.314766437 -0.184977099 -0.930970192 0.596323133 0.337673306 0.938482523 -0.072300419 0.235106215 0.887073159 -0.291606098 0.357864678 -0.020743370
0.306666076 -0.187312201 -0.933204234 0.602171481 0.339023352 0.937638581 -0.076793619 0.237718254 0.889392555 -0.292828053 0.351045132 -0.015271425
0.302114308 -0.188739568 -0.934400558 0.605526805 0.339575499 0.937211812 -0.079514429 0.240282759 0.890738666 -0.293277115 0.347236425 -0.012654349
0.298936963 -0.189289182 -0.935310841 0.609972239 0.341608316 0.936403275 -0.080328025 0.237380028 0.891033351 -0.295496941 0.344588339 -0.013990343
0.289488018 -0.192215800 -0.937683284 0.615508914 0.341981411 0.935741127 -0.086238846 0.241814703 0.894005299 -0.295705169 0.336620092 -0.007953584
0.285835594 -0.194557875 -0.938320577 0.616932869 0.340613306 0.935858190 -0.090288140 0.245421827 0.895701110 -0.293796837 0.333770633 -0.008425161
0.279733926 -0.196422309 -0.939769804 0.617870986 0.338825047 0.936062038 -0.094791934 0.249659106 0.898302019 -0.291901052 0.328401148 -0.001657695
0.271120071 -0.199362323 -0.941673398 0.624297440 0.337451547 0.935910463 -0.100985572 0.253976434 0.901454628 -0.290389895 0.321019262 0.005787566
0.269343913 -0.200904787 -0.941855192 0.627349377 0.337099046 0.935794652 -0.103211239 0.254407436 0.902118623 -0.289699197 0.319775432 0.002581373
0.263659120 -0.203991666 -0.942799687 0.627341747 0.335927188 0.935618460 -0.108494021 0.261987537 0.904232681 -0.288106591 0.315210670 0.010399580
